214
10
617
296
844
326
843
958
936
984
975
344
880
346
364
313
639
708
592
241
112
570
867
412
318
223
527
454
550
587
366
276
561
817
915
278
488
184
117
419
577
298
498
17
987
726
738
371
415
152
757
376
256
806
160
644
143
205
978
620
799
389
407
348
617
698
783
62
430
85
824
455
590
173
664
813
71
849
424
592
485
155
38
398
830
989
19
754
657
271
135
282
206
496
620
188
890
149
400
289
942
675
940
330
327
301
786
83
142
346
572
293
781
385
135
643
350
8
518
628
678
28
405
158
950
542
249
93
552
476
923
921
449
135
649
809
215
708
71
528
203
936
612
310
698
841
501
820
361
976
837
882
631
771
610
914
269
782
379
784
52
692
530
666
423
651
843
645
735
326
428
642
937
990
424
742
415
94
459
108
40
428
732
576
638
40
290
677
524
735
539
432
328
286
475
511
405
946
887
47
997
855
84
34
547
194
945
641
346
867
498
175
322
270
743
624
959
954
27
382
360
165
121
0
786
996
313
650
514
913
337
469
207
411
110
185
343
697
29
443
95
648
331
656
237
364
110
57
542
851
551
451
918
505
686
832
734
84
248
551
880
294
126
433
530
28
968
910
160
558
280
261
925
583
286
712
834
464
762
422
885
256
107
662
362
886
551
701
725
278
451
259
449
477
562
801
522
898
126
208
396
199214
10
617
296
844
326
843
958
936
984
975
344
880
346
364
313
639
708
592
241
112
570
867
412
318
223
527
454
550
587
366
276
561
817
915
278
488
184
117
419
577
298
498
17
987
726
738
371
415
152
757
376
256
806
160
644
143
205
978
620
799
389
407
348
617
698
783
62
430
85
824
455
590
173
664
813
71
849
424
592
485
155
38
398
830
989
19
754
657
271
135
282
206
496
620
188
890
149
400
289
942
675
940
330
327
301
786
83
142
346
572
293
781
385
135
643
350
8
518
628
678
28
405
158
950
542
249
93
552
476
923
921
449
135
649
809
215
708
71
528
203
936
612
310
698
841
501
820
361
976
837
882
631
771
610
914
269
782
379
784
52
692
530
666
423
651
843
645
735
326
428
642
937
990
424
742
415
94
459
108
40
428
732
576
638
40
290
677
524
735
539
432
328
286
475
511
405
946
887
47
997
855
84
34
547
194
945
641
346
867
498
175
322
270
743
624
959
954
27
382
360
165
121
0
786
996
313
650
514
913
337
469
207
411
110
185
343
697
29
443
95
648
331
656
237
364
110
57
542
851
551
451
918
505
686
832
734
84
248
551
880
294
126
433
530
28
968
910
160
558
280
261
925
583
286
712
834
464
762
422
885
256
107
662
362
886
551
701
725
278
451
259
449
477
562
801
522
898
126
208
396
199214
10
617
296
844
326
843
958
936
984
975
344
880
346
364
313
639
708
592
241
112
570
867
412
318
223
527
454
550
587
366
276
561
817
915
278
488
184
117
419
577
298
498
17
987
726
738
371
415
152
757
376
256
806
160
644
143
205
978
620
799
389
407
348
617
698
783
62
430
85
824
455
590
173
664
813
71
849
424
592
485
155
38
398
830
989
19
754
657
271
135
282
206
496
620
188
890
149
400
289
942
675
940
330
327
301
786
83
142
346
572
293
781
385
135
643
350
8
518
628
678
28
405
158
950
542
249
93
552
476
923
921
449
135
649
809
215
708
71
528
203
936
612
310
698
841
501
820
361
976
837
882
631
771
610
914
269
782
379
784
52
692
530
666
423
651
843
645
735
326
428
642
937
990
424
742
415
94
459
108
40
428
732
576
638
40
290
677
524
735
539
432
328
286
475
511
405
946
887
47
997
855
84
34
547
194
945
641
346
867
498
175
322
270
743
624
959
954
27
382
360
165
121
0
786
996
313
650
514
913
337
469
207
411
110
185
343
697
29
443
95
648
331
656
237
364
110
57
542
851
551
451
918
505
686
832
734
84
248
551
880
294
126
433
530
28
968
910
160
558
280
261
925
583
286
712
834
464
762
422
885
256
107
662
362
886
551
701
725
278
451
259
449
477
562
801
522
898
126
208
396
199214
10
617
296
844
326
843
958
936
984
975
344
880
346
364
313
639
708
592
241
112
570
867
412
318
223
527
454
550
587
366
276
561
817
915
278
488
184
117
419
577
298
498
17
987
726
738
371
415
152
757
376
256
806
160
644
143
205
978
620
799
389
407
348
617
698
783
62
430
85
824
455
590
173
664
813
71
849
424
592
485
155
38
398
830
989
19
754
657
271
135
282
206
496
620
188
890
149
400
289
942
675
940
330
327
301
786
83
142
346
572
293
781
385
135
643
350
8
518
628
678
28
405
158
950
542
249
93
552
476
923
921
449
135
649
809
215
708
71
528
203
936
612
310
698
841
501
820
361
976
837
882
631
771
610
914
269
782
379
784
52
692
530
666
423
651
843
645
735
326
428
642
937
990
424
742
415
94
459
108
40
428
732
576
638
40
290
677
524
735
539
432
328
286
475
511
405
946
887
47
997
855
84
34
547
194
945
641
346
867
498
175
322
270
743
624
959
954
27
382
360
165
121
0
786
996
313
650
514
913
337
469
207
411
110
185
343
697
29
443
95
648
331
656
237
364
110
57
542
851
551
451
918
505
686
832
734
84
248
551
880
294
126
433
530
28
968
910
160
558
280
261
925
583
286
712
834
464
762
422
885
256
107
662
362
886
551
701
725
278
451
259
449
477
562
801
522
898
126
208
396
199214
10
617
296
844
326
843
958
936
984
975
344
880
346
364
313
639
708
592
241
112
570
867
412
318
223
527
454
550
587
366
276
561
817
915
278
488
184
117
419
577
298
498
17
987
726
738
371
415
152
757
376
256
806
160
644
143
205
978
620
799
389
407
348
617
698
783
62
430
85
824
455
590
173
664
813
71
849
424
592
485
155
38
398
830
989
19
754
657
271
135
282
206
496
620
188
890
149
400
289
942
675
940
330
327
301
786
83
142
346
572
293
781
385
135
643
350
8
518
628
678
28
405
158
950
542
249
93
552
476
923
921
449
135
649
809
215
708
71
528
203
936
612
310
698
841
501
820
361
976
837
882
631
771
610
914
269
782
379
784
52
692
530
666
423
651
843
645
735
326
428
642
937
990
424
742
415
94
459
108
40
428
732
576
638
40
290
677
524
735
539
432
328
286
475
511
405
946
887
47
997
855
84
34
547
194
945
641
346
867
498
175
322
270
743
624
959
954
27
382
360
165
121
0
786
996
313
650
514
913
337
469
207
411
110
185
343
697
29
443
95
648
331
656
237
364
110
57
542
851
551
451
918
505
686
832
734
84
248
551
880
294
126
433
530
28
968
910
160
558
280
261
925
583
286
712
834
464
762
422
885
256
107
662
362
886
551
701
725
278
451
259
449
477
562
801
522
898
126
208
396
199214
10
617
296
844
326
843
958
936
984
975
344
880
346
364
313
639
708
592
241
112
570
867
412
318
223
527
454
550
587
366
276
561
817
915
278
488
184
117
419
577
298
498
17
987
726
738
371
415
152
757
376
256
806
160
644
143
205
978
620
799
389
407
348
617
698
783
62
430
85
824
455
590
173
664
813
71
849
424
592
485
155
38
398
830
989
19
754
657
271
135
282
206
496
620
188
890
149
400
289
942
675
940
330
327
301
786
83
142
346
572
293
781
385
135
643
350
8
518
628
678
28
405
158
950
542
249
93
552
476
923
921
449
135
649
809
215
708
71
528
203
936
612
310
698
841
501
820
361
976
837
882
631
771
610
914
269
782
379
784
52
692
530
666
423
651
843
645
735
326
428
642
937
990
424
742
415
94
459
108
40
428
732
576
638
40
290
677
524
735
539
432
328
286
475
511
405
946
887
47
997
855
84
34
547
194
945
641
346
867
498
175
322
270
743
624
959
954
27
382
360
165
121
0
786
996
313
650
514
913
337
469
207
411
110
185
343
697
29
443
95
648
331
656
237
364
110
57
542
851
551
451
918
505
686
832
734
84
248
551
880
294
126
433
530
28
968
910
160
558
280
261
925
583
286
712
834
464
762
422
885
256
107
662
362
886
551
701
725
278
451
259
449
477
562
801
522
898
126
208
396
199214
10
617
296
844
326
843
958
936
984
975
344
880
346
364
313
639
708
592
241
112
570
867
412
318
223
527
454
550
587
366
276
561
817
915
278
488
184
117
419
577
298
498
17
987
726
738
371
415
152
757
376
256
806
160
644
143
205
978
620
799
389
407
348
617
698
783
62
430
85
824
455
590
173
664
813
71
849
424
592
485
155
38
398
830
989
19
754
657
271
135
282
206
496
620
188
890
149
400
289
942
675
940
330
327
301
786
83
142
346
572
293
781
385
135
643
350
8
518
628
678
28
405
158
950
542
249
93
552
476
923
921
449
135
649
809
215
708
71
528
203
936
612
310
698
841
501
820
361
976
837
882
631
771
610
914
269
782
379
784
52
692
530
666
423
651
843
645
735
326
428
642
937
990
424
742
415
94
459
108
40
428
732
576
638
40
290
677
524
735
539
432
328
286
475
511
405
946
887
47
997
855
84
34
547
194
945
641
346
867
498
175
322
270
743
624
959
954
27
382
360
165
121
0
786
996
313
650
514
913
337
469
207
411
110
185
343
697
29
443
95
648
331
656
237
364
110
57
542
851
551
451
918
505
686
832
734
84
248
551
880
294
126
433
530
28
968
910
160
558
280
261
925
583
286
712
834
464
762
422
885
256
107
662
362
886
551
701
725
278
451
259
449
477
562
801
522
898
126
208
396
199214
10
617
296
844
326
843
958
936
984
975
344
880
346
364
313
639
708
592
241
112
570
867
412
318
223
527
454
550
587
366
276
561
817
915
278
488
184
117
419
577
298
498
17
987
726
738
371
415
152
757
376
256
806
160
644
143
205
978
620
799
389
407
348
617
698
783
62
430
85
824
455
590
173
664
813
71
849
424
592
485
155
38
398
830
989
19
754
657
271
135
282
206
496
620
188
890
149
400
289
942
675
940
330
327
301
786
83
142
346
572
293
781
385
135
643
350
8
518
628
678
28
405
158
950
542
249
93
552
476
923
921
449
135
649
809
215
708
71
528
203
936
612
310
698
841
501
820
361
976
837
882
631
771
610
914
269
782
379
784
52
692
530
666
423
651
843
645
735
326
428
642
937
990
424
742
415
94
459
108
40
428
732
576
638
40
290
677
524
735
539
432
328
286
475
511
405
946
887
47
997
855
84
34
547
194
945
641
346
867
498
175
322
270
743
624
959
954
27
382
360
165
121
0
786
996
313
650
514
913
337
469
207
411
110
185
343
697
29
443
95
648
331
656
237
364
110
57
542
851
551
451
918
505
686
832
734
84
248
551
880
294
126
433
530
28
968
910
160
558
280
261
925
583
286
712
834
464
762
422
885
256
107
662
362
886
551
701
725
278
451
259
449
477
562
801
522
898
126
208
396
199214
10
617
296
844
326
843
958
936
984
975
344
880
346
364
313
639
708
592
241
112
570
867
412
318
223
527
454
550
587
366
276
561
817
915
278
488
184
117
419
577
298
498
17
987
726
738
371
415
152
757
376
256
806
160
644
143
205
978
620
799
389
407
348
617
698
783
62
430
85
824
455
590
173
664
813
71
849
424
592
485
155
38
398
830
989
19
754
657
271
135
282
206
496
620
188
890
149
400
289
942
675
940
330
327
301
786
83
142
346
572
293
781
385
135
643
350
8
518
628
678
28
405
158
950
542
249
93
552
476
923
921
449
135
649
809
215
708
71
528
203
936
612
310
698
841
501
820
361
976
837
882
631
771
610
914
269
782
379
784
52
692
530
666
423
651
843
645
735
326
428
642
937
990
424
742
415
94
459
108
40
428
732
576
638
40
290
677
524
735
539
432
328
286
475
511
405
946
887
47
997
855
84
34
547
194
945
641
346
867
498
175
322
270
743
624
959
954
27
382
360
165
121
0
786
996
313
650
514
913
337
469
207
411
110
185
343
697
29
443
95
648
331
656
237
364
110
57
542
851
551
451
918
505
686
832
734
84
248
551
880
294
126
433
530
28
968
910
160
558
280
261
925
583
286
712
834
464
762
422
885
256
107
662
362
886
551
701
725
278
451
259
449
477
562
801
522
898
126
208
396
199214
10
617
296
844
326
843
958
936
984
975
344
880
346
364
313
639
708
592
241
112
570
867
412
318
223
527
454
550
587
366
276
561
817
915
278
488
184
117
419
577
298
498
17
987
726
738
371
415
152
757
376
256
806
160
644
143
205
978
620
799
389
407
348
617
698
783
62
430
85
824
455
590
173
664
813
71
849
424
592
485
155
38
398
830
989
19
754
657
271
135
282
206
496
620
188
890
149
400
289
942
675
940
330
327
301
786
83
142
346
572
293
781
385
135
643
350
8
518
628
678
28
405
158
950
542
249
93
552
476
923
921
449
135
649
809
215
708
71
528
203
936
612
310
698
841
501
820
361
976
837
882
631
771
610
914
269
782
379
784
52
692
530
666
423
651
843
645
735
326
428
642
937
990
424
742
415
94
459
108
40
428
732
576
638
40
290
677
524
735
539
432
328
286
475
511
405
946
887
47
997
855
84
34
547
194
945
641
346
867
498
175
322
270
743
624
959
954
27
382
360
165
121
0
786
996
313
650
514
913
337
469
207
411
110
185
343
697
29
443
95
648
331
656
237
364
110
57
542
851
551
451
918
505
686
832
734
84
248
551
880
294
126
433
530
28
968
910
160
558
280
261
925
583
286
712
834
464
762
422
885
256
107
662
362
886
551
701
725
278
451
259
449
477
562
801
522
898
126
208
396
199214
10
617
296
844
326
843
958
936
984
975
344
880
346
364
313
639
708
592
241
112
570
867
412
318
223
527
454
550
587
366
276
561
817
915
278
488
184
117
419
577
298
498
17
987
726
738
371
415
152
757
376
256
806
160
644
143
205
978
620
799
389
407
348
617
698
783
62
430
85
824
455
590
173
664
813
71
849
424
592
485
155
38
398
830
989
19
754
657
271
135
282
206
496
620
188
890
149
400
289
942
675
940
330
327
301
786
83
142
346
572
293
781
385
135
643
350
8
518
628
678
28
405
158
950
542
249
93
552
476
923
921
449
135
649
809
215
708
71
528
203
936
612
310
698
841
501
820
361
976
837
882
631
771
610
914
269
782
379
784
52
692
530
666
423
651
843
645
735
326
428
642
937
990
424
742
415
94
459
108
40
428
732
576
638
40
290
677
524
735
539
432
328
286
475
511
405
946
887
47
997
855
84
34
547
194
945
641
346
867
498
175
322
270
743
624
959
954
27
382
360
165
121
0
786
996
313
650
514
913
337
469
207
411
110
185
343
697
29
443
95
648
331
656
237
364
110
57
542
851
551
451
918
505
686
832
734
84
248
551
880
294
126
433
530
28
968
910
160
558
280
261
925
583
286
712
834
464
762
422
885
256
107
662
362
886
551
701
725
278
451
259
449
477
562
801
522
898
126
208
396
199214
10
617
296
844
326
843
958
936
984
975
344
880
346
364
313
639
708
592
241
112
570
867
412
318
223
527
454
550
587
366
276
561
817
915
278
488
184
117
419
577
298
498
17
987
726
738
371
415
152
757
376
256
806
160
644
143
205
978
620
799
389
407
348
617
698
783
62
430
85
824
455
590
173
664
813
71
849
424
592
485
155
38
398
830
989
19
754
657
271
135
282
206
496
620
188
890
149
400
289
942
675
940
330
327
301
786
83
142
346
572
293
781
385
135
643
350
8
518
628
678
28
405
158
950
542
249
93
552
476
923
921
449
135
649
809
215
708
71
528
203
936
612
310
698
841
501
820
361
976
837
882
631
771
610
914
269
782
379
784
52
692
530
666
423
651
843
645
735
326
428
642
937
990
424
742
415
94
459
108
40
428
732
576
638
40
290
677
524
735
539
432
328
286
475
511
405
946
887
47
997
855
84
34
547
194
945
641
346
867
498
175
322
270
743
624
959
954
27
382
360
165
121
0
786
996
313
650
514
913
337
469
207
411
110
185
343
697
29
443
95
648
331
656
237
364
110
57
542
851
551
451
918
505
686
832
734
84
248
551
880
294
126
433
530
28
968
910
160
558
280
261
925
583
286
712
834
464
762
422
885
256
107
662
362
886
551
701
725
278
451
259
449
477
562
801
522
898
126
208
396
199214
10
617
296
844
326
843
958
936
984
975
344
880
346
364
313
639
708
592
241
112
570
867
412
318
223
527
454
550
587
366
276
561
817
915
278
488
184
117
419
577
298
498
17
987
726
738
371
415
152
757
376
256
806
160
644
143
205
978
620
799
389
407
348
617
698
783
62
430
85
824
455
590
173
664
813
71
849
424
592
485
155
38
398
830
989
19
754
657
271
135
282
206
496
620
188
890
149
400
289
942
675
940
330
327
301
786
83
142
346
572
293
781
385
135
643
350
8
518
628
678
28
405
158
950
542
249
93
552
476
923
921
449
135
649
809
215
708
71
528
203
936
612
310
698
841
501
820
361
976
837
882
631
771
610
914
269
782
379
784
52
692
530
666
423
651
843
645
735
326
428
642
937
990
424
742
415
94
459
108
40
428
732
576
638
40
290
677
524
735
539
432
328
286
475
511
405
946
887
47
997
855
84
34
547
194
945
641
346
867
498
175
322
270
743
624
959
954
27
382
360
165
121
0
786
996
313
650
514
913
337
469
207
411
110
185
343
697
29
443
95
648
331
656
237
364
110
57
542
851
551
451
918
505
686
832
734
84
248
551
880
294
126
433
530
28
968
910
160
558
280
261
925
583
286
712
834
464
762
422
885
256
107
662
362
886
551
701
725
278
451
259
449
477
562
801
522
898
126
208
396
199214
10
617
296
844
326
843
958
936
984
975
344
880
346
364
313
639
708
592
241
112
570
867
412
318
223
527
454
550
587
366
276
561
817
915
278
488
184
117
419
577
298
498
17
987
726
738
371
415
152
757
376
256
806
160
644
143
205
978
620
799
389
407
348
617
698
783
62
430
85
824
455
590
173
664
813
71
849
424
592
485
155
38
398
830
989
19
754
657
271
135
282
206
496
620
188
890
149
400
289
942
675
940
330
327
301
786
83
142
346
572
293
781
385
135
643
350
8
518
628
678
28
405
158
950
542
249
93
552
476
923
921
449
135
649
809
215
708
71
528
203
936
612
310
698
841
501
820
361
976
837
882
631
771
610
914
269
782
379
784
52
692
530
666
423
651
843
645
735
326
428
642
937
990
424
742
415
94
459
108
40
428
732
576
638
40
290
677
524
735
539
432
328
286
475
511
405
946
887
47
997
855
84
34
547
194
945
641
346
867
498
175
322
270
743
624
959
954
27
382
360
165
121
0
786
996
313
650
514
913
337
469
207
411
110
185
343
697
29
443
95
648
331
656
237
364
110
57
542
851
551
451
918
505
686
832
734
84
248
551
880
294
126
433
530
28
968
910
160
558
280
261
925
583
286
712
834
464
762
422
885
256
107
662
362
886
551
701
725
278
451
259
449
477
562
801
522
898
126
208
396
199214
10
617
296
844
326
843
958
936
984
975
344
880
346
364
313
639
708
592
241
112
570
867
412
318
223
527
454
550
587
366
276
561
817
915
278
488
184
117
419
577
298
498
17
987
726
738
371
415
152
757
376
256
806
160
644
143
205
978
620
799
389
407
348
617
698
783
62
430
85
824
455
590
173
664
813
71
849
424
592
485
155
38
398
830
989
19
754
657
271
135
282
206
496
620
188
890
149
400
289
942
675
940
330
327
301
786
83
142
346
572
293
781
385
135
643
350
8
518
628
678
28
405
158
950
542
249
93
552
476
923
921
449
135
649
809
215
708
71
528
203
936
612
310
698
841
501
820
361
976
837
882
631
771
610
914
269
782
379
784
52
692
530
666
423
651
843
645
735
326
428
642
937
990
424
742
415
94
459
108
40
428
732
576
638
40
290
677
524
735
539
432
328
286
475
511
405
946
887
47
997
855
84
34
547
194
945
641
346
867
498
175
322
270
743
624
959
954
27
382
360
165
121
0
786
996
313
650
514
913
337
469
207
411
110
185
343
697
29
443
95
648
331
656
237
364
110
57
542
851
551
451
918
505
686
832
734
84
248
551
880
294
126
433
530
28
968
910
160
558
280
261
925
583
286
712
834
464
762
422
885
256
107
662
362
886
551
701
725
278
451
259
449
477
562
801
522
898
126
208
396
199214
10
617
296
844
326
843
958
936
984
975
344
880
346
364
313
639
708
592
241
112
570
867
412
318
223
527
454
550
587
366
276
561
817
915
278
488
184
117
419
577
298
498
17
987
726
738
371
415
152
757
376
256
806
160
644
143
205
978
620
799
389
407
348
617
698
783
62
430
85
824
455
590
173
664
813
71
849
424
592
485
155
38
398
830
989
19
754
657
271
135
282
206
496
620
188
890
149
400
289
942
675
940
330
327
301
786
83
142
346
572
293
781
385
135
643
350
8
518
628
678
28
405
158
950
542
249
93
552
476
923
921
449
135
649
809
215
708
71
528
203
936
612
310
698
841
501
820
361
976
837
882
631
771
610
914
269
782
379
784
52
692
530
666
423
651
843
645
735
326
428
642
937
990
424
742
415
94
459
108
40
428
732
576
638
40
290
677
524
735
539
432
328
286
475
511
405
946
887
47
997
855
84
34
547
194
945
641
346
867
498
175
322
270
743
624
959
954
27
382
360
165
121
0
786
996
313
650
514
913
337
469
207
411
110
185
343
697
29
443
95
648
331
656
237
364
110
57
542
851
551
451
918
505
686
832
734
84
248
551
880
294
126
433
530
28
968
910
160
558
280
261
925
583
286
712
834
464
762
422
885
256
107
662
362
886
551
701
725
278
451
259
449
477
562
801
522
898
126
208
396
199214
10
617
296
844
326
843
958
936
984
975
344
880
346
364
313
639
708
592
241
112
570
867
412
318
223
527
454
550
587
366
276
561
817
915
278
488
184
117
419
577
298
498
17
987
726
738
371
415
152
757
376
256
806
160
644
143
205
978
620
799
389
407
348
617
698
783
62
430
85
824
455
590
173
664
813
71
849
424
592
485
155
38
398
830
989
19
754
657
271
135
282
206
496
620
188
890
149
400
289
942
675
940
330
327
301
786
83
142
346
572
293
781
385
135
643
350
8
518
628
678
28
405
158
950
542
249
93
552
476
923
921
449
135
649
809
215
708
71
528
203
936
612
310
698
841
501
820
361
976
837
882
631
771
610
914
269
782
379
784
52
692
530
666
423
651
843
645
735
326
428
642
937
990
424
742
415
94
459
108
40
428
732
576
638
40
290
677
524
735
539
432
328
286
475
511
405
946
887
47
997
855
84
34
547
194
945
641
346
867
498
175
322
270
743
624
959
954
27
382
360
165
121
0
786
996
313
650
514
913
337
469
207
411
110
185
343
697
29
443
95
648
331
656
237
364
110
57
542
851
551
451
918
505
686
832
734
84
248
551
880
294
126
433
530
28
968
910
160
558
280
261
925
583
286
712
834
464
762
422
885
256
107
662
362
886
551
701
725
278
451
259
449
477
562
801
522
898
126
208
396
199214
10
617
296
844
326
843
958
936
984
975
344
880
346
364
313
639
708
592
241
112
570
867
412
318
223
527
454
550
587
366
276
561
817
915
278
488
184
117
419
577
298
498
17
987
726
738
371
415
152
757
376
256
806
160
644
143
205
978
620
799
389
407
348
617
698
783
62
430
85
824
455
590
173
664
813
71
849
424
592
485
155
38
398
830
989
19
754
657
271
135
282
206
496
620
188
890
149
400
289
942
675
940
330
327
301
786
83
142
346
572
293
781
385
135
643
350
8
518
628
678
28
405
158
950
542
249
93
552
476
923
921
449
135
649
809
215
708
71
528
203
936
612
310
698
841
501
820
361
976
837
882
631
771
610
914
269
782
379
784
52
692
530
666
423
651
843
645
735
326
428
642
937
990
424
742
415
94
459
108
40
428
732
576
638
40
290
677
524
735
539
432
328
286
475
511
405
946
887
47
997
855
84
34
547
194
945
641
346
867
498
175
322
270
743
624
959
954
27
382
360
165
121
0
786
996
313
650
514
913
337
469
207
411
110
185
343
697
29
443
95
648
331
656
237
364
110
57
542
851
551
451
918
505
686
832
734
84
248
551
880
294
126
433
530
28
968
910
160
558
280
261
925
583
286
712
834
464
762
422
885
256
107
662
362
886
551
701
725
278
451
259
449
477
562
801
522
898
126
208
396
199214
10
617
296
844
326
843
958
936
984
975
344
880
346
364
313
639
708
592
241
112
570
867
412
318
223
527
454
550
587
366
276
561
817
915
278
488
184
117
419
577
298
498
17
987
726
738
371
415
152
757
376
256
806
160
644
143
205
978
620
799
389
407
348
617
698
783
62
430
85
824
455
590
173
664
813
71
849
424
592
485
155
38
398
830
989
19
754
657
271
135
282
206
496
620
188
890
149
400
289
942
675
940
330
327
301
786
83
142
346
572
293
781
385
135
643
350
8
518
628
678
28
405
158
950
542
249
93
552
476
923
921
449
135
649
809
215
708
71
528
203
936
612
310
698
841
501
820
361
976
837
882
631
771
610
914
269
782
379
784
52
692
530
666
423
651
843
645
735
326
428
642
937
990
424
742
415
94
459
108
40
428
732
576
638
40
290
677
524
735
539
432
328
286
475
511
405
946
887
47
997
855
84
34
547
194
945
641
346
867
498
175
322
270
743
624
959
954
27
382
360
165
121
0
786
996
313
650
514
913
337
469
207
411
110
185
343
697
29
443
95
648
331
656
237
364
110
57
542
851
551
451
918
505
686
832
734
84
248
551
880
294
126
433
530
28
968
910
160
558
280
261
925
583
286
712
834
464
762
422
885
256
107
662
362
886
551
701
725
278
451
259
449
477
562
801
522
898
126
208
396
199